#include <SoftwareSerial.h>
SoftwareSerial miBT(10, 11);
int EGG[201]={-15,-53,-40,-50,-51,-56,-52,-45,-52,-47,-41,-38,-45,-46,-44,-35,-33,-35,-27,-22,
              -42,-40,-30,-19,-29,-23,-23,-24, -6, -6,-16,  2,-10,-9, -3,- 5, -5,  6,  4,  -3,
              -13, 4, 24, 27, 43, 36, 33, 45, 36, 38, 35, 34, 30, 46, 53, 54, 39, 67, 34, 57,
               64, 39, 50, 55, 20, 17, 4, 3, 25, 16, -2, 7 , -6,  4, 2, -2, -9, -30, -11, -24,
              -51,-74 -54,-60, -44,-34,-30,-79,-71,-74,-64,-53,-56,-48,-41,-62,-75,-25, 20, 55,
               61, 86, 92, 78, 58, 24, 8, 8, 30, 34, 65, 76, 31, 29, 40, 17, 50, 63, 50, 37,
               12,-49,-71,-59,-52,-41,-56,-67,-73,-64,-69,-62,-68,-77,-64,-63,-65,-72,-68,-70,
              -76,-36, 0, 19, 28, 63, 49, 56, 52, 50, 36, -4, 5, 16, 38, 45, 48, 26, 4, 17,
               27, 23, 32, 15, 27, 15, 9, 16, 14, 38, 40, 51, 33, 38, 41,41, 31, 28, 30, 30,
               29, 28, 17,19, 10, 18, 20, 26, 20, -5, -6,-16, -42,-33, -25, -42, -34,-2,-16,-3,
               2};

void setup()
{
  miBT.begin(9600);
  Serial.begin(9600);
}
 
void loop()
{
    for(int i=0; i<200; i++){
      Serial.println(EGG[i]);
      miBT.write(EGG[i]);
      delay(100);
    }
}